$ 1 0.000005 10.20027730826997 63 5 43
g 608 576 608 624 0
v 272 400 272 320 0 0 40 3.3 0 0 0.5
r 640 480 640 576 0 10000
d 496 272 576 272 1 0.805904783
d 576 208 352 208 1 0.805904783
s 352 272 496 272 0 1 true
w 272 320 272 272 0
w 272 272 352 272 0
w 352 208 352 272 0
w 576 208 576 272 0
162 736 272 848 272 1 2.1024259 1 0 0 0.01
v 800 416 752 416 0 0 40 3.3 0 0 0.5
w 272 400 272 576 0
w 272 576 608 576 0
w 800 416 800 576 0
w 800 576 608 576 0
w 848 272 848 576 0
w 848 576 800 576 0
w 736 272 576 272 0
s 720 416 672 416 0 0 false
w 752 416 720 416 0
w 672 416 672 480 0
w 672 480 640 480 0
s 352 320 496 320 0 1 false
w 352 320 352 272 0
w 496 320 496 272 0
w 352 320 352 496 0
w 352 496 576 496 0
w 576 464 576 272 0
f 640 480 576 480 0 1.5 0.02
r 496 352 496 416 0 10000
g 496 416 496 448 0
w 496 416 416 416 0
